3842400
1137
1111

12881
1145
1138
1153

4322400
113
1135
1156

964321
112
1124

962401
1114
1123

240481
117
1138
1123

482880
118
1119

2404320
1141
1132

2401921
1144
116

2884320
48480
114
1157

336961
118

1922880
118

13841
3362401

481920
11920

336482
1113
1125

144962
1112
1157
1142

961921
1112
1149

240962
1146
1142
1149

1444321
114
1115
1112

2403361
1444320

1961
1126
1158

3362880
1146
1142
1131

4322401
1116
1137
1113

13360
114
1116
1161

432961
113
1144
1142

1923360
1129
1135

481921
1129
116

1921921
1129
1132

4322880
1151
1126

3363361
3842400

2403360
114
1115
1142

4321921
118

432481
1113
1132

1441921
117
1127

144481
117
1151
112

3362401
1138
111

3843360
1142
1134

3362881
1135
117

12880
1156
1142

3361921
1128
1112

13840
240960

2401441
1142
1157
1143

48961
118
1138

2882881
1114
1124

482401
117
1139

2883360
1134
1121

240961
1155
1124

2403840
118
1161

1923840
1159
1119

4321
1136
1136

2883361
4321

3841441
1125
1158

48481
1159
1133

3844320
481
1157
1142

336481
1124
1118

1962
1126
1118

483360
117
1111

2881
1159
1119
1119

288961
117
1146
113

4323361
336481

2402401
1157
1149

3361920
1124
1118

1921440
1152
1144

481440
1152
115

961440
1152
1123
1147

11440
1152
1112

2882880
118

484320
1132
1153

1441440
1154
1144

384960
1154
115

432960
1154
1123
1147

336960
1154
1112

3841
1159
1133

4323840
1142
1131
1146

96481
114
1115
1133

1444320
1146
1113
115

4324320
1146
119
1158

481
1145
48480
48480

384482
481
1131

961
1141
1151
1155

483841
961

11922
1123
112

1922401
48480
48480
1149

961441
117
113

1921
1118
1132
1125

1481
1119
1144
1137

3361441
1149
1112

3363840
111
1126

3841921
1123
1148
1116

963841
3841921

111
1161
1138

112
113

115
1146

116
1157
48480

119
1161

1111
1146
1147

1112
48480
48480

1113
1161

1114
1122
1122
1138

1118
1146
1145

1121
48480

1123
113

1124
1122
1122

1125
1146

1126
1147

1127
1146
113

1128
48480
1138

1129
113
113

1131
48480
1146

1132
1146

1133
1119

1134
48480

1135
113
113
1147

1137
1138

1139
1146
113

1141
48480
1146

1143
1138

1144
1119
1119

1148
1161
1161
113

1149
48480
48480

1151
1147

1152
240480
192480

1153
1146
1138

1154
240480
192480

1155
1119
1119

1156
1147
1122

1157
48480

1158
1161
1161

1159
1119
1115